0 21 234 46 306 0 1 0 0  "person_A"
0 21 234 46 306 1 1 0 1  "person_A"
0 21 234 47 306 2 1 0 1  "person_A"
0 21 234 48 306 3 1 0 1  "person_A"
0 21 234 49 306 4 1 0 1  "person_A"
0 21 234 50 307 5 1 0 1  "person_A"
0 21 234 51 307 6 1 0 1  "person_A"
0 21 234 52 307 7 1 0 1  "person_A"
0 21 234 53 307 8 1 0 1  "person_A"
0 21 234 54 307 9 1 0 1  "person_A"
1 21 234 55 308 10 0 0 0 "person_B"
1 19 234 52 308 11 0 0 1 "person_B"
1 18 234 49 308 12 0 0 1 "person_B"
1 16 235 46 309 13 0 0 1 "person_B"
1 15 235 43 309 14 0 0 1 "person_B"
1 13 235 40 309 15 0 0 1 "person_B"
1 12 236 37 310 16 0 0 1 "person_B"
1 10 236 34 310 17 0 0 1 "person_B"
2 9 236 31 310 18 0 0 1  "person_C"
2 7 237 28 311 19 0 0 1  "person_C"
2 6 237 25 311 20 0 0 1  "person_C"
2 4 237 22 311 21 0 0 1  "person_C"
2 3 238 19 312 22 0 0 1  "person_C"
2 1 238 16 312 23 0 0 1  "person_C"
2 0 239 13 313 24 1 0 0  "person_C"
2 0 239 13 313 25 1 0 1  "person_C"
2 0 239 13 313 26 1 0 1  "person_C"
2 0 239 13 313 27 1 0 0  "person_C"
2 0 239 13 313 28 1 0 1  "person_C"
2 0 239 13 313 29 1 0 1  "person_C"
2 0 239 13 313 30 1 0 1  "person_C"
2 0 239 13 313 31 1 0 1  "person_C"
2 0 239 13 313 32 1 0 1  "person_C"
2 0 239 13 313 33 1 0 1  "person_C"
2 0 239 13 313 34 1 0 1  "person_C"